1721,56,137,142,219,331,525,575,734,749,750,751,986
1715,96,144,171,216,257,262,292,313,318,331,428,461,654,656,659,661,750,1020,1024,1028
1726,52,212,400,401,407,410,411,439,477,481,543,585,676,683,724,767
1698,60,191,204,205,207,342,432,828,927
1727,189,212,298,412,685,813
1717,271,275,332,333,336,436,533,569,573,577,779,1048,1090
1697,142,168,361,366,394,436,529,1000,1065,1066
1686,62,63,65,148,149,229,246,708,1001
1737,193,395,409,469,472,511,515,526,567,605,692,693
1677,84,478,781,992,1023
1683,78,79,129,131,132,196,322,429,430,780,814,823,834,843,851,874,880,928,941,974,1034,1035,1075
1701,59,66,71,100,113,115,122,233,264,266,305,318,320,321,340,398,661,709,726,765,845,856,977,979,1029,1032,1057
1724,47,138,210,255,401,407,578,683,727,731,757,813
1714,239,314,463,565,583,762,887,935,964,972,997
1684,46,193,300,301,369,409,519,906,996,1019
1725,156,158,160,302,481,956,957
1675,45,152,164,170,585,1065,1066
1739,92,374,400,401,411,414,448,665
1693,66,98,175,176,528,686,752,759,760,853
1703,97,142,368,369,433,434,465,469,473,511,526,688,693
1692,47,212,256,347,400,401,407,411,412,437,439,442,444,456,481,488,578,584,585,621,633,676,683,712,727,731,767,813,1001,1082
1689,81,149,152,165,201,202,711,713,904,952,953,954,1015
1704,157,158,199,200,310,312,379,391,393,729,818,820,841,847,860,867,901,902,924,933,953,956,970,1060,1061,1070,1092
1691,195,401,448,634,641,645,647,648,649,650,651,660,672,679,680,765
1712,70,77,350,351,355,447,490,750,1039,1086
1729,48,194,400,401,575,727,731
1711,48,55,58,72,205,235,237,243,329,421,432,450,507,515,554,739,745,860,913,920,927,1021,1082,1096
1744,400,401,412,633
1700,102,232,346,414,442,456,477,489,574,579,615,628,629,724,737,775,1083,1086,1091,1095,1096,1097,1102
